2 2 2 2 2 2 2 2 2 2 2 2 2 2 2 2 2 2 0 0 0 0 0 0 0 
2 2 2 1 1 7 5 5 5 1 1 1 1 7 5 5 1 2 0 0 0 0 0 0 0 
2 2 1 1 1 8 5 5 4/w/TownHouse1.txt/3/9 1 1 1 1 8 5 4/w/TownHouse2.txt/3/5 1 2 0 0 0 0 0 0 0 
2 2 1 1 1 8 8 6 5 1 1 1 1 8 6 5 1 2 0 0 0 0 0 0 0 
2 2 1 1 1 9 8 6 5 1 1 1 1 9 5 5 1 2 0 0 0 0 0 0 0 
2 2 1 1 1 1 9 5 5 1 1 1 1 1 1 1 1 2 0 0 0 0 0 0 0 
2 2 1 1 1 1 1 1 1 1 1 1 1 1 1 1 1 2 0 0 0 0 0 0 0 
2 2 1 1 1 1 1 1 1 1 1 1 1 1 1 1 1 2 0 0 0 0 0 0 0 
2 2 1 1 1 1 1 1 1 1 1 2 2 2 2 2 2 2 0 0 0 0 0 0 0 
1/w/Forest.txt/10/24 1 1 1 1 1 1 1 1 1 1 2 2 2 2 2 2 2 0 0 0 0 0 0 0 
1/w/Forest.txt/11/24 1 1 1 1 1 1 1 1 1 1 2 2 2 2 2 2 2 0 0 0 0 0 0 0 
2 2 1 1 1 1 1 1 1 1 1 1 1 1 1 2 2 0 0 0 0 0 0 0 0 
2 2 1 1 1 1 1 1 1 1 1 1 1 1 1 2 2 0 0 0 0 0 0 0 0 
2 2 1 1 1 1 1 7 5 5 1 2 2 1 1 2 2 0 0 0 0 0 0 0 0 
2 2 1 1 1 1 1 8 5 4/w/TownHouse3.txt/3/5 1 2 2 1 1 2 2 0 0 0 0 0 0 0 0 
2 2 1 1 1 1 1 9 5 5 1 2 2 1 1 2 2 0 0 0 0 0 0 0 0 
2 2 2 2 2 2 2 2 2 2 2 2 2 1 1 2 2 0 0 0 0 0 0 0 0 
2 2 2 2 2 2 2 2 2 2 2 2 2 1 1 2 2 0 0 0 0 0 0 0 0 
2 2 2 2 2 2 2 2 2 2 2 2 2 1 1 2 2 0 0 0 0 0 0 0 0 
2 2 2 2 2 2 2 2 2 2 2 2 2 1 1 2 2 0 0 0 0 0 0 0 0 
2 2 2 2 2 2 2 2 2 2 2 2 2 1 1 2 2 0 0 0 0 0 0 0 0 
2 1 1 1 1 1 1 1 1 2 2 2 2 1 1 2 2 0 0 0 0 0 0 0 0 
2 1 2 2 1 1 1 1 1 1 2 2 2 1 1 2 2 0 0 0 0 0 0 0 0 
2 1 1 1 1 1 1 1 1 1 1 1 1 1 1 2 2 0 0 0 0 0 0 0 0 
2 1 3 1 1 1 1 1 1 1 1 1 1 1 1 2 2 0 0 0 0 0 0 0 0 
2 1 1 1 1 1 1 1 1 1 1 1 1 1 1 2 2 0 0 0 0 0 0 0 0 
2 1 2 2 1 1 1 1 1 1 2 2 2 2 2 2 2 0 0 0 0 0 0 0 0 
2 1 1 1 1 1 1 1 1 2 2 2 2 2 2 2 2 0 0 0 0 0 0 0 0 
2 2 2 2 2 2 2 2 2 2 2 2 2 2 2 2 2 0 0 0 0 0 0 0 0 
2 2 2 2 2 2 2 2 2 2 2 2 2 2 2 2 2 0 0 0 0 0 0 0 0 
-
3 --SpriteID
Town Crier=--Sprite Name
11/8/--spriteXY
tCrier1 --eventName
1 --SpriteID
Blocker Dude=--Sprite Name
9/3/--spriteXY
bDude1 --eventName
2 --SpriteID
Forest Man=--Sprite Name
25/2/--spriteXY
fMan2 --eventName
